\begin{tabular}{lrrrrrrrrrrrrrrrr}
\toprule
{} &         0 &         1 &         2 &         3 &         4 &         5 &         6 &         7 &         8 &         9 &        10 &        11 &        12 &        13 &        14 &         y \\
\midrule
0  &  1.000000 & -0.002140 & -0.010693 &  0.005081 &  0.013968 & -0.016594 &  0.004302 &  0.006537 &  0.002437 &  0.007266 &  0.002156 &  0.019393 &  0.006608 &  0.012207 &  0.016030 &  0.401807 \\
1  & -0.002140 &  1.000000 &  0.004784 &  0.019803 & -0.012285 & -0.002781 & -0.005887 &  0.004293 &  0.019169 &  0.022645 &  0.007023 &  0.002883 & -0.010269 &  0.018862 &  0.014300 &  0.396563 \\
2  & -0.010693 &  0.004784 &  1.000000 & -0.007255 & -0.016323 &  0.014513 &  0.003270 & -0.005065 & -0.009114 & -0.010846 &  0.014947 & -0.001849 & -0.015437 & -0.004237 &  0.000874 & -0.013694 \\
3  &  0.005081 &  0.019803 & -0.007255 &  1.000000 & -0.010081 &  0.003385 &  0.006347 &  0.021360 &  0.001524 &  0.002352 & -0.001062 &  0.009566 & -0.009861 &  0.014415 &  0.007609 &  0.597493 \\
4  &  0.013968 & -0.012285 & -0.016323 & -0.010081 &  1.000000 & -0.007254 & -0.001640 & -0.011825 & -0.007159 & -0.000704 & -0.006210 & -0.016878 &  0.000412 &  0.005213 & -0.003598 &  0.295603 \\
5  & -0.016594 & -0.002781 &  0.014513 &  0.003385 & -0.007254 &  1.000000 & -0.007476 &  0.005352 &  0.010667 & -0.012789 &  0.010020 &  0.002077 &  0.003897 & -0.007163 & -0.003333 & -0.010711 \\
6  &  0.004302 & -0.005887 &  0.003270 &  0.006347 & -0.001640 & -0.007476 &  1.000000 &  0.004718 &  0.003451 & -0.001673 & -0.005357 &  0.003035 &  0.015820 & -0.016122 &  0.002278 &  0.000789 \\
7  &  0.006537 &  0.004293 & -0.005065 &  0.021360 & -0.011825 &  0.005352 &  0.004718 &  1.000000 &  0.004761 &  0.012750 & -0.006049 &  0.003839 &  0.016378 & -0.005175 & -0.000131 &  0.008619 \\
8  &  0.002437 &  0.019169 & -0.009114 &  0.001524 & -0.007159 &  0.010667 &  0.003451 &  0.004761 &  1.000000 & -0.012267 & -0.000441 & -0.006725 & -0.007616 &  0.010333 & -0.018461 &  0.004887 \\
9  &  0.007266 &  0.022645 & -0.010846 &  0.002352 & -0.000704 & -0.012789 & -0.001673 &  0.012750 & -0.012267 &  1.000000 & -0.001702 & -0.004515 & -0.010670 & -0.003670 &  0.001784 &  0.013715 \\
10 &  0.002156 &  0.007023 &  0.014947 & -0.001062 & -0.006210 &  0.010020 & -0.005357 & -0.006049 & -0.000441 & -0.001702 &  1.000000 & -0.002478 & -0.008959 &  0.007716 &  0.008303 & -0.004909 \\
11 &  0.019393 &  0.002883 & -0.001849 &  0.009566 & -0.016878 &  0.002077 &  0.003035 &  0.003839 & -0.006725 & -0.004515 & -0.002478 &  1.000000 &  0.009200 &  0.000938 &  0.004724 &  0.009665 \\
12 &  0.006608 & -0.010269 & -0.015437 & -0.009861 &  0.000412 &  0.003897 &  0.015820 &  0.016378 & -0.007616 & -0.010670 & -0.008959 &  0.009200 &  1.000000 & -0.000865 & -0.022745 & -0.011649 \\
13 &  0.012207 &  0.018862 & -0.004237 &  0.014415 &  0.005213 & -0.007163 & -0.016122 & -0.005175 &  0.010333 & -0.003670 &  0.007716 &  0.000938 & -0.000865 &  1.000000 & -0.014197 &  0.015261 \\
14 &  0.016030 &  0.014300 &  0.000874 &  0.007609 & -0.003598 & -0.003333 &  0.002278 & -0.000131 & -0.018461 &  0.001784 &  0.008303 &  0.004724 & -0.022745 & -0.014197 &  1.000000 &  0.014397 \\
y  &  0.401807 &  0.396563 & -0.013694 &  0.597493 &  0.295603 & -0.010711 &  0.000789 &  0.008619 &  0.004887 &  0.013715 & -0.004909 &  0.009665 & -0.011649 &  0.015261 &  0.014397 &  1.000000 \\
\bottomrule
\end{tabular}
