\begin{tabular}{lrrrrrrrrrrrrrrrr}
\toprule
{} &         0 &         1 &         2 &         3 &         4 &         5 &         6 &         7 &         8 &         9 &        10 &        11 &        12 &        13 &        14 &         y \\
\midrule
0  &  1.000000 & -0.005517 &  0.010953 &  0.012994 & -0.006043 & -0.011589 & -0.012984 & -0.007154 & -0.001776 & -0.005797 &  0.004429 & -0.018243 & -0.012721 &  0.001125 &  0.012500 &  0.415723 \\
1  & -0.005517 &  1.000000 & -0.000970 & -0.013637 & -0.001931 &  0.020179 & -0.002610 & -0.007677 & -0.003080 &  0.006298 & -0.001751 &  0.000195 & -0.015878 &  0.004586 &  0.013790 &  0.383176 \\
2  &  0.010953 & -0.000970 &  1.000000 &  0.000472 &  0.002812 & -0.013712 & -0.003575 &  0.002549 & -0.014912 &  0.010012 &  0.015222 & -0.001592 & -0.007641 &  0.007658 & -0.011562 &  0.001378 \\
3  &  0.012994 & -0.013637 &  0.000472 &  1.000000 & -0.010897 &  0.008694 &  0.011265 &  0.015228 &  0.011179 & -0.007496 & -0.013796 & -0.009147 &  0.009651 &  0.013112 &  0.006503 &  0.586504 \\
4  & -0.006043 & -0.001931 &  0.002812 & -0.010897 &  1.000000 &  0.025541 &  0.000292 & -0.001128 & -0.005779 &  0.013459 & -0.030969 & -0.005117 &  0.004451 &  0.004015 & -0.004689 &  0.289788 \\
5  & -0.011589 &  0.020179 & -0.013712 &  0.008694 &  0.025541 &  1.000000 & -0.006253 & -0.012513 & -0.000954 & -0.004527 &  0.004364 &  0.003770 & -0.003766 & -0.007432 &  0.000332 &  0.012291 \\
6  & -0.012984 & -0.002610 & -0.003575 &  0.011265 &  0.000292 & -0.006253 &  1.000000 &  0.004434 & -0.005747 & -0.007142 &  0.008006 & -0.022721 & -0.005959 & -0.002327 & -0.002161 & -0.003608 \\
7  & -0.007154 & -0.007677 &  0.002549 &  0.015228 & -0.001128 & -0.012513 &  0.004434 &  1.000000 &  0.006726 &  0.010092 & -0.007107 &  0.003393 & -0.006130 & -0.018369 & -0.008263 &  0.005319 \\
8  & -0.001776 & -0.003080 & -0.014912 &  0.011179 & -0.005779 & -0.000954 & -0.005747 &  0.006726 &  1.000000 & -0.006447 & -0.001689 &  0.001249 &  0.003913 &  0.001731 &  0.001583 &  0.008625 \\
9  & -0.005797 &  0.006298 &  0.010012 & -0.007496 &  0.013459 & -0.004527 & -0.007142 &  0.010092 & -0.006447 &  1.000000 & -0.016376 & -0.008476 & -0.002614 &  0.000798 & -0.001277 & -0.001574 \\
10 &  0.004429 & -0.001751 &  0.015222 & -0.013796 & -0.030969 &  0.004364 &  0.008006 & -0.007107 & -0.001689 & -0.016376 &  1.000000 & -0.001342 & -0.000996 &  0.004550 & -0.007193 & -0.027002 \\
11 & -0.018243 &  0.000195 & -0.001592 & -0.009147 & -0.005117 &  0.003770 & -0.022721 &  0.003393 &  0.001249 & -0.008476 & -0.001342 &  1.000000 & -0.014220 &  0.006737 & -0.011531 & -0.013073 \\
12 & -0.012721 & -0.015878 & -0.007641 &  0.009651 &  0.004451 & -0.003766 & -0.005959 & -0.006130 &  0.003913 & -0.002614 & -0.000996 & -0.014220 &  1.000000 & -0.004084 & -0.004799 & -0.004259 \\
13 &  0.001125 &  0.004586 &  0.007658 &  0.013112 &  0.004015 & -0.007432 & -0.002327 & -0.018369 &  0.001731 &  0.000798 &  0.004550 &  0.006737 & -0.004084 &  1.000000 & -0.006006 &  0.011201 \\
14 &  0.012500 &  0.013790 & -0.011562 &  0.006503 & -0.004689 &  0.000332 & -0.002161 & -0.008263 &  0.001583 & -0.001277 & -0.007193 & -0.011531 & -0.004799 & -0.006006 &  1.000000 &  0.011552 \\
y  &  0.415723 &  0.383176 &  0.001378 &  0.586504 &  0.289788 &  0.012291 & -0.003608 &  0.005319 &  0.008625 & -0.001574 & -0.027002 & -0.013073 & -0.004259 &  0.011201 &  0.011552 &  1.000000 \\
\bottomrule
\end{tabular}
