\begin{tabular}{lrrrrrrrrrrrrrrrr}
\toprule
{} &         0 &         1 &         2 &         3 &         4 &         5 &         6 &         7 &         8 &         9 &        10 &        11 &        12 &        13 &        14 &         y \\
\midrule
0  &  1.000000 & -0.020282 &  0.002364 & -0.013027 &  0.010330 & -0.035762 & -0.016201 & -0.009111 &  0.010977 &  0.001842 & -0.019207 & -0.010907 & -0.000175 & -0.010097 &  0.012586 &  0.394845 \\
1  & -0.020282 &  1.000000 &  0.012009 & -0.014990 &  0.004323 &  0.011705 & -0.007584 &  0.002798 &  0.000260 & -0.004446 &  0.008394 &  0.001141 & -0.018820 & -0.013408 &  0.014406 &  0.390919 \\
2  &  0.002364 &  0.012009 &  1.000000 & -0.007358 &  0.005898 &  0.014817 &  0.006240 &  0.015662 & -0.000089 &  0.003151 &  0.006388 & -0.004173 & -0.012428 &  0.005757 &  0.009512 &  0.006832 \\
3  & -0.013027 & -0.014990 & -0.007358 &  1.000000 &  0.001906 & -0.010450 & -0.007587 & -0.011337 &  0.005910 & -0.009122 & -0.003147 & -0.001371 &  0.002458 & -0.000155 &  0.001666 &  0.575264 \\
4  &  0.010330 &  0.004323 &  0.005898 &  0.001906 &  1.000000 &  0.010856 & -0.018668 &  0.005651 & -0.005263 &  0.008383 & -0.012897 &  0.011507 &  0.001155 &  0.000710 &  0.005553 &  0.305180 \\
5  & -0.035762 &  0.011705 &  0.014817 & -0.010450 &  0.010856 &  1.000000 &  0.019257 &  0.004154 &  0.017421 & -0.014909 & -0.013245 &  0.010227 &  0.001079 & -0.013084 & -0.004840 & -0.007007 \\
6  & -0.016201 & -0.007584 &  0.006240 & -0.007587 & -0.018668 &  0.019257 &  1.000000 &  0.000051 &  0.001249 & -0.018969 &  0.013459 & -0.010853 &  0.006589 &  0.003424 & -0.012243 & -0.010989 \\
7  & -0.009111 &  0.002798 &  0.015662 & -0.011337 &  0.005651 &  0.004154 &  0.000051 &  1.000000 & -0.005802 & -0.005076 & -0.001643 &  0.006418 & -0.011652 & -0.014732 & -0.001302 & -0.008252 \\
8  &  0.010977 &  0.000260 & -0.000089 &  0.005910 & -0.005263 &  0.017421 &  0.001249 & -0.005802 &  1.000000 &  0.006771 & -0.008165 & -0.000881 &  0.001298 & -0.003912 & -0.014642 &  0.012351 \\
9  &  0.001842 & -0.004446 &  0.003151 & -0.009122 &  0.008383 & -0.014909 & -0.018969 & -0.005076 &  0.006771 &  1.000000 &  0.001488 & -0.013413 & -0.007831 &  0.009555 & -0.024762 & -0.003041 \\
10 & -0.019207 &  0.008394 &  0.006388 & -0.003147 & -0.012897 & -0.013245 &  0.013459 & -0.001643 & -0.008165 &  0.001488 &  1.000000 & -0.014032 & -0.015521 & -0.023348 &  0.003423 & -0.014672 \\
11 & -0.010907 &  0.001141 & -0.004173 & -0.001371 &  0.011507 &  0.010227 & -0.010853 &  0.006418 & -0.000881 & -0.013413 & -0.014032 &  1.000000 &  0.004536 &  0.002072 &  0.009350 &  0.005663 \\
12 & -0.000175 & -0.018820 & -0.012428 &  0.002458 &  0.001155 &  0.001079 &  0.006589 & -0.011652 &  0.001298 & -0.007831 & -0.015521 &  0.004536 &  1.000000 &  0.006284 &  0.007348 & -0.006214 \\
13 & -0.010097 & -0.013408 &  0.005757 & -0.000155 &  0.000710 & -0.013084 &  0.003424 & -0.014732 & -0.003912 &  0.009555 & -0.023348 &  0.002072 &  0.006284 &  1.000000 &  0.005573 & -0.002910 \\
14 &  0.012586 &  0.014406 &  0.009512 &  0.001666 &  0.005553 & -0.004840 & -0.012243 & -0.001302 & -0.014642 & -0.024762 &  0.003423 &  0.009350 &  0.007348 &  0.005573 &  1.000000 &  0.010766 \\
y  &  0.394845 &  0.390919 &  0.006832 &  0.575264 &  0.305180 & -0.007007 & -0.010989 & -0.008252 &  0.012351 & -0.003041 & -0.014672 &  0.005663 & -0.006214 & -0.002910 &  0.010766 &  1.000000 \\
\bottomrule
\end{tabular}
