\begin{tabular}{lrrrrrrrrrrrrrrrr}
\toprule
{} &         0 &         1 &         2 &         3 &         4 &         5 &         6 &         7 &         8 &         9 &        10 &        11 &        12 &        13 &        14 &         y \\
\midrule
0  &  1.000000 &  0.014858 & -0.001978 & -0.020406 &  0.012894 & -0.004693 & -0.002863 & -0.008095 &  0.015241 &  0.013727 & -0.000672 & -0.006235 &  0.004540 &  0.006396 &  0.023638 &  0.303489 \\
1  &  0.014858 &  1.000000 & -0.003972 & -0.002254 &  0.017528 &  0.006322 & -0.010585 &  0.011032 &  0.015316 &  0.011900 &  0.012134 & -0.006785 & -0.004336 &  0.004394 &  0.010383 &  0.568750 \\
2  & -0.001978 & -0.003972 &  1.000000 & -0.000149 & -0.003838 & -0.005791 &  0.001913 & -0.003043 &  0.024347 & -0.012366 &  0.014551 & -0.007366 &  0.017649 & -0.013042 & -0.005885 & -0.571505 \\
3  & -0.020406 & -0.002254 & -0.000149 &  1.000000 &  0.011689 & -0.012493 &  0.001422 & -0.006576 & -0.009495 &  0.003327 & -0.005374 &  0.014280 &  0.015708 & -0.003205 & -0.008367 & -0.434172 \\
4  &  0.012894 &  0.017528 & -0.003838 &  0.011689 &  1.000000 & -0.010568 & -0.001693 & -0.006385 &  0.009790 &  0.001475 & -0.009669 &  0.001716 &  0.002249 & -0.012372 &  0.009261 &  0.008388 \\
5  & -0.004693 &  0.006322 & -0.005791 & -0.012493 & -0.010568 &  1.000000 & -0.006229 & -0.000943 &  0.002513 &  0.012582 & -0.007366 & -0.013553 & -0.008094 & -0.001132 &  0.015867 &  0.009861 \\
6  & -0.002863 & -0.010585 &  0.001913 &  0.001422 & -0.001693 & -0.006229 &  1.000000 &  0.001927 & -0.009689 & -0.010910 &  0.001240 &  0.008900 &  0.014931 & -0.007615 & -0.018272 & -0.009284 \\
7  & -0.008095 &  0.011032 & -0.003043 & -0.006576 & -0.006385 & -0.000943 &  0.001927 &  1.000000 &  0.019241 &  0.011250 & -0.003148 & -0.006889 & -0.010160 & -0.008791 & -0.005485 &  0.011933 \\
8  &  0.015241 &  0.015316 &  0.024347 & -0.009495 &  0.009790 &  0.002513 & -0.009689 &  0.019241 &  1.000000 &  0.011614 &  0.011338 & -0.009162 &  0.005783 &  0.013892 &  0.006848 &  0.001497 \\
9  &  0.013727 &  0.011900 & -0.012366 &  0.003327 &  0.001475 &  0.012582 & -0.010910 &  0.011250 &  0.011614 &  1.000000 &  0.009180 & -0.012566 & -0.017213 &  0.006531 &  0.003996 &  0.013979 \\
10 & -0.000672 &  0.012134 &  0.014551 & -0.005374 & -0.009669 & -0.007366 &  0.001240 & -0.003148 &  0.011338 &  0.009180 &  1.000000 & -0.016715 &  0.004260 &  0.005421 & -0.007910 &  0.000937 \\
11 & -0.006235 & -0.006785 & -0.007366 &  0.014280 &  0.001716 & -0.013553 &  0.008900 & -0.006889 & -0.009162 & -0.012566 & -0.016715 &  1.000000 & -0.000881 & -0.006845 &  0.010667 & -0.006242 \\
12 &  0.004540 & -0.004336 &  0.017649 &  0.015708 &  0.002249 & -0.008094 &  0.014931 & -0.010160 &  0.005783 & -0.017213 &  0.004260 & -0.000881 &  1.000000 & -0.025028 & -0.003562 & -0.016090 \\
13 &  0.006396 &  0.004394 & -0.013042 & -0.003205 & -0.012372 & -0.001132 & -0.007615 & -0.008791 &  0.013892 &  0.006531 &  0.005421 & -0.006845 & -0.025028 &  1.000000 & -0.010949 &  0.009736 \\
14 &  0.023638 &  0.010383 & -0.005885 & -0.008367 &  0.009261 &  0.015867 & -0.018272 & -0.005485 &  0.006848 &  0.003996 & -0.007910 &  0.010667 & -0.003562 & -0.010949 &  1.000000 &  0.015028 \\
y  &  0.303489 &  0.568750 & -0.571505 & -0.434172 &  0.008388 &  0.009861 & -0.009284 &  0.011933 &  0.001497 &  0.013979 &  0.000937 & -0.006242 & -0.016090 &  0.009736 &  0.015028 &  1.000000 \\
\bottomrule
\end{tabular}
