\begin{tabular}{lrrrrrrrrrrrrrrrr}
\toprule
{} &         0 &         1 &         2 &         3 &         4 &         5 &         6 &         7 &         8 &         9 &        10 &        11 &        12 &        13 &        14 &         y \\
\midrule
0  &  1.000000 & -0.000282 &  0.009589 &  0.010994 &  0.012622 & -0.013925 &  0.008185 &  0.001169 & -0.006243 & -0.011579 & -0.005336 & -0.001124 &  0.009712 &  0.014965 &  0.002587 &  0.388895 \\
1  & -0.000282 &  1.000000 &  0.005450 & -0.005812 & -0.009795 & -0.005774 & -0.000604 &  0.005208 &  0.011713 &  0.005571 & -0.010747 & -0.001191 & -0.001028 &  0.000028 & -0.000556 & -0.005575 \\
2  &  0.009589 &  0.005450 &  1.000000 &  0.008629 &  0.005868 & -0.008469 & -0.013183 & -0.004955 & -0.015840 &  0.022612 &  0.013609 &  0.010174 &  0.002835 & -0.001191 &  0.018939 &  0.121135 \\
3  &  0.010994 & -0.005812 &  0.008629 &  1.000000 &  0.006276 &  0.003828 &  0.017841 &  0.001803 & -0.008323 & -0.002138 &  0.007821 &  0.009245 &  0.019332 & -0.008779 &  0.017675 &  0.020472 \\
4  &  0.012622 & -0.009795 &  0.005868 &  0.006276 &  1.000000 & -0.013407 & -0.013925 & -0.006639 &  0.011373 & -0.007413 & -0.001004 & -0.003626 & -0.001261 &  0.007720 &  0.003214 &  0.354828 \\
5  & -0.013925 & -0.005774 & -0.008469 &  0.003828 & -0.013407 &  1.000000 &  0.002758 &  0.007292 & -0.015801 &  0.007608 &  0.008447 &  0.015427 & -0.015625 & -0.008069 &  0.001783 & -0.002715 \\
6  &  0.008185 & -0.000604 & -0.013183 &  0.017841 & -0.013925 &  0.002758 &  1.000000 & -0.018785 &  0.000490 &  0.007144 &  0.002757 & -0.023165 & -0.014502 &  0.012162 &  0.002014 & -0.007877 \\
7  &  0.001169 &  0.005208 & -0.004955 &  0.001803 & -0.006639 &  0.007292 & -0.018785 &  1.000000 & -0.012000 & -0.009379 & -0.007035 &  0.000045 & -0.019088 & -0.001539 &  0.005724 &  0.247854 \\
8  & -0.006243 &  0.011713 & -0.015840 & -0.008323 &  0.011373 & -0.015801 &  0.000490 & -0.012000 &  1.000000 &  0.010088 & -0.015767 & -0.004140 & -0.010438 & -0.006562 &  0.003858 &  0.009760 \\
9  & -0.011579 &  0.005571 &  0.022612 & -0.002138 & -0.007413 &  0.007608 &  0.007144 & -0.009379 &  0.010088 &  1.000000 & -0.006472 &  0.003407 & -0.011435 &  0.009872 &  0.003476 &  0.452769 \\
10 & -0.005336 & -0.010747 &  0.013609 &  0.007821 & -0.001004 &  0.008447 &  0.002757 & -0.007035 & -0.015767 & -0.006472 &  1.000000 & -0.014170 & -0.005642 & -0.005142 & -0.013816 &  0.565185 \\
11 & -0.001124 & -0.001191 &  0.010174 &  0.009245 & -0.003626 &  0.015427 & -0.023165 &  0.000045 & -0.004140 &  0.003407 & -0.014170 &  1.000000 & -0.000927 & -0.001310 & -0.001281 &  0.081042 \\
12 &  0.009712 & -0.001028 &  0.002835 &  0.019332 & -0.001261 & -0.015625 & -0.014502 & -0.019088 & -0.010438 & -0.011435 & -0.005642 & -0.000927 &  1.000000 &  0.001109 & -0.009479 &  0.215862 \\
13 &  0.014965 &  0.000028 & -0.001191 & -0.008779 &  0.007720 & -0.008069 &  0.012162 & -0.001539 & -0.006562 &  0.009872 & -0.005142 & -0.001310 &  0.001109 &  1.000000 &  0.005126 &  0.010874 \\
14 &  0.002587 & -0.000556 &  0.018939 &  0.017675 &  0.003214 &  0.001783 &  0.002014 &  0.005724 &  0.003858 &  0.003476 & -0.013816 & -0.001281 & -0.009479 &  0.005126 &  1.000000 &  0.228731 \\
y  &  0.388895 & -0.005575 &  0.121135 &  0.020472 &  0.354828 & -0.002715 & -0.007877 &  0.247854 &  0.009760 &  0.452769 &  0.565185 &  0.081042 &  0.215862 &  0.010874 &  0.228731 &  1.000000 \\
\bottomrule
\end{tabular}
