\begin{tabular}{lrrrrrrrrrrrrrrrr}
\toprule
{} &         0 &         1 &         2 &         3 &         4 &         5 &         6 &         7 &         8 &         9 &        10 &        11 &        12 &        13 &        14 &         y \\
\midrule
0  &  1.000000 &  0.010960 & -0.001922 & -0.010608 & -0.003479 &  0.007394 &  0.004995 &  0.002401 &  0.004644 & -0.002679 & -0.007281 & -0.005205 &  0.010576 &  0.008716 &  0.006582 &  0.410442 \\
1  &  0.010960 &  1.000000 & -0.007646 & -0.016679 & -0.005000 &  0.013546 &  0.027602 & -0.007729 &  0.006280 & -0.020369 & -0.018104 &  0.012081 & -0.009216 &  0.001574 &  0.005206 & -0.009669 \\
2  & -0.001922 & -0.007646 &  1.000000 &  0.003012 &  0.003006 &  0.004385 & -0.006058 & -0.002528 &  0.016364 &  0.015839 & -0.018489 &  0.008084 & -0.013246 &  0.012975 &  0.015527 &  0.435618 \\
3  & -0.010608 & -0.016679 &  0.003012 &  1.000000 & -0.010520 & -0.010155 &  0.007543 &  0.001362 &  0.019584 &  0.002944 & -0.005047 &  0.006053 &  0.008956 & -0.009597 &  0.012458 &  0.365045 \\
4  & -0.003479 & -0.005000 &  0.003006 & -0.010520 &  1.000000 &  0.001436 & -0.002679 &  0.006341 & -0.005678 &  0.010410 &  0.001690 & -0.002225 &  0.003650 & -0.000253 & -0.019657 & -0.008648 \\
5  &  0.007394 &  0.013546 &  0.004385 & -0.010155 &  0.001436 &  1.000000 &  0.012252 &  0.001223 & -0.004950 & -0.008073 & -0.000289 &  0.014995 &  0.012247 & -0.013370 & -0.000742 &  0.009921 \\
6  &  0.004995 &  0.027602 & -0.006058 &  0.007543 & -0.002679 &  0.012252 &  1.000000 &  0.005395 &  0.008737 & -0.009517 &  0.003078 & -0.011130 &  0.006689 &  0.000540 & -0.003532 &  0.000941 \\
7  &  0.002401 & -0.007729 & -0.002528 &  0.001362 &  0.006341 &  0.001223 &  0.005395 &  1.000000 &  0.009769 &  0.022020 &  0.003766 & -0.004637 & -0.007464 & -0.001873 & -0.012936 &  0.136304 \\
8  &  0.004644 &  0.006280 &  0.016364 &  0.019584 & -0.005678 & -0.004950 &  0.008737 &  0.009769 &  1.000000 &  0.004728 &  0.001347 & -0.011541 &  0.003649 &  0.000219 &  0.010394 &  0.078531 \\
9  & -0.002679 & -0.020369 &  0.015839 &  0.002944 &  0.010410 & -0.008073 & -0.009517 &  0.022020 &  0.004728 &  1.000000 &  0.008716 & -0.004762 & -0.019706 &  0.007379 & -0.010540 &  0.042478 \\
10 & -0.007281 & -0.018104 & -0.018489 & -0.005047 &  0.001690 & -0.000289 &  0.003078 &  0.003766 &  0.001347 &  0.008716 &  1.000000 &  0.007369 & -0.028784 &  0.016826 & -0.003688 &  0.349739 \\
11 & -0.005205 &  0.012081 &  0.008084 &  0.006053 & -0.002225 &  0.014995 & -0.011130 & -0.004637 & -0.011541 & -0.004762 &  0.007369 &  1.000000 & -0.001734 & -0.012654 & -0.004869 &  0.373466 \\
12 &  0.010576 & -0.009216 & -0.013246 &  0.008956 &  0.003650 &  0.012247 &  0.006689 & -0.007464 &  0.003649 & -0.019706 & -0.028784 & -0.001734 &  1.000000 &  0.001214 &  0.011425 &  0.306519 \\
13 &  0.008716 &  0.001574 &  0.012975 & -0.009597 & -0.000253 & -0.013370 &  0.000540 & -0.001873 &  0.000219 &  0.007379 &  0.016826 & -0.012654 &  0.001214 &  1.000000 &  0.000069 &  0.007795 \\
14 &  0.006582 &  0.005206 &  0.015527 &  0.012458 & -0.019657 & -0.000742 & -0.003532 & -0.012936 &  0.010394 & -0.010540 & -0.003688 & -0.004869 &  0.011425 &  0.000069 &  1.000000 &  0.351795 \\
y  &  0.410442 & -0.009669 &  0.435618 &  0.365045 & -0.008648 &  0.009921 &  0.000941 &  0.136304 &  0.078531 &  0.042478 &  0.349739 &  0.373466 &  0.306519 &  0.007795 &  0.351795 &  1.000000 \\
\bottomrule
\end{tabular}
