\begin{tabular}{lrrrrrrrrrrrr}
\toprule
{} &       age &       bmi &        bp &        s1 &        s2 &        s3 &        s4 &        s5 &        s6 &      sex1 &      sex2 &    target \\
\midrule
age    &  1.000000 &  0.185085 &  0.335428 &  0.260061 &  0.219243 & -0.075181 &  0.203841 &  0.270774 &  0.301731 & -0.173737 &  0.173737 &  0.187889 \\
bmi    &  0.185085 &  1.000000 &  0.395411 &  0.249777 &  0.261170 & -0.366811 &  0.413807 &  0.446157 &  0.388680 & -0.088161 &  0.088161 &  0.586450 \\
bp     &  0.335428 &  0.395411 &  1.000000 &  0.242464 &  0.185548 & -0.178762 &  0.257650 &  0.393480 &  0.390430 & -0.241010 &  0.241010 &  0.441482 \\
s1     &  0.260061 &  0.249777 &  0.242464 &  1.000000 &  0.896663 &  0.051519 &  0.542207 &  0.515503 &  0.325717 & -0.035277 &  0.035277 &  0.212022 \\
s2     &  0.219243 &  0.261170 &  0.185548 &  0.896663 &  1.000000 & -0.196455 &  0.659817 &  0.318357 &  0.290600 & -0.142637 &  0.142637 &  0.174054 \\
s3     & -0.075181 & -0.366811 & -0.178762 &  0.051519 & -0.196455 &  1.000000 & -0.738493 & -0.398577 & -0.273697 &  0.379090 & -0.379090 & -0.394789 \\
s4     &  0.203841 &  0.413807 &  0.257650 &  0.542207 &  0.659817 & -0.738493 &  1.000000 &  0.617859 &  0.417212 & -0.332115 &  0.332115 &  0.430453 \\
s5     &  0.270774 &  0.446157 &  0.393480 &  0.515503 &  0.318357 & -0.398577 &  0.617859 &  1.000000 &  0.464669 & -0.149916 &  0.149916 &  0.565883 \\
s6     &  0.301731 &  0.388680 &  0.390430 &  0.325717 &  0.290600 & -0.273697 &  0.417212 &  0.464669 &  1.000000 & -0.208133 &  0.208133 &  0.382483 \\
sex1   & -0.173737 & -0.088161 & -0.241010 & -0.035277 & -0.142637 &  0.379090 & -0.332115 & -0.149916 & -0.208133 &  1.000000 & -1.000000 & -0.043062 \\
sex2   &  0.173737 &  0.088161 &  0.241010 &  0.035277 &  0.142637 & -0.379090 &  0.332115 &  0.149916 &  0.208133 & -1.000000 &  1.000000 &  0.043062 \\
target &  0.187889 &  0.586450 &  0.441482 &  0.212022 &  0.174054 & -0.394789 &  0.430453 &  0.565883 &  0.382483 & -0.043062 &  0.043062 &  1.000000 \\
\bottomrule
\end{tabular}
